cam0:
  T_cam_imu:
  - [0.7087969770079168, 0.7053428407189901, -0.009915766783452296, -0.0031832235222352383]
  - [-0.016174768086923252, 0.0021977696282477477, -0.9998667644671441, -0.0038922480007809474]
  - [-0.7052270714186835, 0.7088629252931248, 0.012966529339063143, -0.03458624409711094]
  - [0.0, 0.0, 0.0, 1.0]
  T_cn_cnm1:
  - [-0.011598641291937318, -0.017438517321835878, -0.9997806607620476, -0.0321328108589268]
  - [0.01916425688317558, 0.9996603922778221, -0.01765874766416039, -0.0004593459962581158]
  - [0.9997490699061922, -0.019364870889496337, -0.011260506078170418, -0.032805372433444106]
  - [0.0, 0.0, 0.0, 1.0]
  T_imu_cam:
  - [0.7087969770079168, -0.016174768086923322, -0.7052270714186836, -0.022197852635025873]
  - [0.7053428407189904, 0.0021977696282476965, 0.708862925293125, 0.026770724351838776]
  - [-0.009915766783452207, -0.999866764467144, 0.012966529339063133, -0.0034748299682974514]
  - [0.0, 0.0, 0.0, 1.0]
  camera_model: omni
  distortion_coeffs: [-0.08693661761427332, 0.617350869617963, -0.002491262174617866,
    -0.003998087332927172, 0.0]
  distortion_model: radtan
  intrinsics: [3.2226882077291674, 1662.1092912688641, 1661.0079685140886, 544.4652747581193,
    606.1857083691303]
  resolution: [1088, 1280]
  rostopic: /fisheye/left/image_raw
  timeshift_cam_imu: 0.0
cam1:
  T_cam_imu:
  - [0.7062487992944113, -0.7078099455817191, -0.014755149297999315, 0.0023365711607192113]
  - [-0.027393795968393142, -0.006495437010606064, -0.9996036160601278, -0.003369128727904862]
  - [0.7074335399439615, 0.7063730531621695, -0.023976995823298097, -0.03618973617791678]
  - [0.0, 0.0, 0.0, 1.0]
  T_cn_cnm1:
  - [0.0014846448688817398, 0.0017741696465942173, -0.9999973240722588, -0.032237948921372765]
  - [-0.014086313431193018, 0.9998992461623225, 0.0017530824103584057, 0.0005385197658640695]
  - [0.9998996807697917, 0.014083673032430872, 0.0015094867949356772, -0.03289980736725968]
  - [0.0, 0.0, 0.0, 1.0]
  T_imu_cam:
  - [0.7062487992944112, -0.02739379596839314, 0.7074335399439614, 0.023859339372294345]
  - [-0.7078099455817192, -0.006495437010606083, 0.7063730531621694, 0.02719541877981224]
  - [-0.014755149297999318, -0.9996036160601277, -0.023976995823298073, -0.004201037956248117]
  - [0.0, 0.0, 0.0, 1.0]
  camera_model: omni
  distortion_coeffs: [-0.1001257531556613, 0.5795231565221106, -0.002878523475929947,
    0.0019682640389663683, 0.0]
  distortion_model: radtan
  intrinsics: [3.1775780502784046, 1641.8115989922803, 1641.5846823469738, 543.0219220299992,
    631.2450376271474]
  resolution: [1088, 1280]
  rostopic: /fisheye/right/image_raw
  timeshift_cam_imu: 0.0
cam2:
  T_cam_imu:
  - [-0.7005085939326029, -0.7135694752149112, 0.010310861655723536, 0.0033966721835089475]
  - [-0.0117301036381664, -0.0029332385628212387, -0.9999268977181138, -0.003907888017670439]
  - [0.7135475558750133, -0.7005783326317262, -0.006315485075991889, -0.03039790540795879]
  - [0.0, 0.0, 0.0, 1.0]
  T_cn_cnm1:
  - [0.010186079757201014, 0.013517760479489289, -0.9998567467046464, -0.03276613712047556]
  - [0.008545874480389171, 0.9998709274868861, 0.013605013630260673, -6.680034155538749e-05]
  - [0.9999116019971694, -0.008683232009643823, 0.010069243929974325, -0.03239912166553175]
  - [0.0, 0.0, 0.0, 1.0]
  T_imu_cam:
  - [-0.7005085939326032, -0.011730103638166331, 0.7135475558750134, 0.02402390923143506]
  - [-0.7135694752149114, -0.002933238562821506, -0.7005783326317263, -0.01888381506657376]
  - [0.010310861655723397, -0.9999268977181139, -0.006315485075992125, -0.004134602477058381]
  - [0.0, 0.0, 0.0, 1.0]
  camera_model: omni
  distortion_coeffs: [-0.08171852348977407, 0.4343788344523898, 0.0006480100183579078,
    0.0011908247400859383, 0.0]
  distortion_model: radtan
  intrinsics: [3.1901005986325117, 1646.4620999228746, 1646.3702128639873, 547.4480948370121,
    613.9792541735878]
  resolution: [1088, 1280]
  rostopic: /fisheye/bright/image_raw
  timeshift_cam_imu: 0.0
cam3:
  T_cam_imu:
  - [-0.7135811680192662, 0.7005461502771726, -0.006083418454502665, -0.002181989684310579]
  - [-0.014873012186193357, -0.023830149123652777, -0.9996053808885053, -0.0039020876948858392]
  - [-0.7004146701467416, -0.7132090964959557, 0.027423977075792805, -0.028862563289819034]
  - [0.0, 0.0, 0.0, 1.0]
  T_cn_cnm1:
  - [-8.133343722734054e-05, 0.01239848581481445, -0.9999231325128808, -0.03252883032449008]
  - [0.017116347065893517, 0.9997766689408998, 0.012395277510340912, 0.0003235794233174912]
  - [0.9998535012930605, -0.0171140232247806, -0.00029353205924254056, -0.03233454031131044]
  - [0.0, 0.0, 0.0, 1.0]
  T_imu_cam:
  - [-0.7135811680192665, -0.014873012186193416, -0.7004146701467416, -0.02183082529160202]
  - [0.7005461502771727, -0.0238301491236529, -0.7132090964959557, -0.019149445544863593]
  - [-0.006083418454502623, -0.9996053808885055, 0.02742397707579268, -0.0031222955388111664]
  - [0.0, 0.0, 0.0, 1.0]
  camera_model: omni
  distortion_coeffs: [-0.0881486713300389, 0.5307553018587057, -0.002640767697903866,
    -0.0015540632912967869, 0.0]
  distortion_model: radtan
  intrinsics: [3.195823151162132, 1652.2459553315007, 1651.9378885665967, 542.9625376580343,
    616.8896531122517]
  resolution: [1088, 1280]
  rostopic: /fisheye/bleft/image_raw
  timeshift_cam_imu: 0.0
