%YAML:1.0

cam0:
  T_cam_imu:
    - [0.9998332206561062, 0.009219485148984297, -0.015764896638585893, 
      0.02189255786085135]
    - [-0.01578931088246667, 0.0025813457029991464, -0.9998720089672568, 
      -0.0038939785116706015]
    - [-0.009177610489362664, 0.9999541678236803, 0.0027264845050499874, 
      -0.026963746566398366]
    - [0.0, 0.0, 0.0, 1.0]
  T_imu_cam:
    - [0.9998332206561066, -0.015789310882466743, -0.009177610489362482, 
      -0.022197852635025866]
    - [0.009219485148984484, 0.002581345702999096, 0.9999541678236806, 
      0.026770724351838773]
    - [-0.01576489663858583, -0.9998720089672573, 0.0027264845050500365, 
      -0.0034748299682974522]
    - [0.0, 0.0, 0.0, 1.0]
  camera_model: pinhole
  distortion_coeffs: [0, 0, 0, 0]
  distortion_model: radtan
  intrinsics: [320.0, 320.0, 320.0, 240.0]
  resolution: [640, 480]
  rostopic: /front/left/image_raw
  timeshift_cam_imu: 0.0
  frame: cam0r
cam1:
  T_cam_imu:
    - [0.9998332206561062, 0.009219485148984297, -0.015764896638585893, 
      -0.024172316816044023]
    - [-0.01578931088246667, 0.0025813457029991464, -0.9998720089672568, 
      -0.0038939785116706015]
    - [-0.009177610489362664, 0.9999541678236803, 0.0027264845050499874, 
      -0.026963746566398366]
    - [0.0, 0.0, 0.0, 1.0]
  T_imu_cam:
    - [0.9998332206561066, -0.015789310882466743, -0.009177610489362482, 
      0.02385933937229436]
    - [0.009219485148984484, 0.002581345702999096, 0.9999541678236806, 
      0.02719541877981224]
    - [-0.01576489663858583, -0.9998720089672573, 0.0027264845050500365, 
      -0.0042010379562481175]
    - [0.0, 0.0, 0.0, 1.0]
  camera_model: pinhole
  distortion_coeffs: [0, 0, 0, 0]
  distortion_model: radtan
  intrinsics: [320.0, 320.0, 320.0, 240.0]
  resolution: [640, 480]
  rostopic: /front/right/image_raw
  timeshift_cam_imu: 0.0
  frame: cam1l
cam2:
  T_cam_imu:
    - [0.00357142740459937, -0.9999925830962557, 0.0014417554481408155, 
      0.027116062044880287]
    - [-0.03232107054415181, -0.0015564443391277408, -0.9994763258226276, 
      -0.0033853504345534367]
    - [0.9994711568150297, 0.0035229580607441524, -0.03232638954984916, 
      -0.024078334232562445]
    - [0.0, 0.0, 0.0, 1.0]
  T_imu_cam:
    - [0.003571427404599074, -0.03232107054415181, 0.9994711568150296, 
      0.023859339372294345]
    - [-0.9999925830962552, -0.001556444339127758, 0.0035229580607444447, 
      0.027195418779812238]
    - [0.001441755448140807, -0.9994763258226276, -0.032326389549849156, 
      -0.004201037956248117]
    - [0.0, 0.0, 0.0, 1.0]
  camera_model: pinhole
  distortion_coeffs: [0, 0, 0, 0]
  distortion_model: radtan
  intrinsics: [320.0, 320.0, 320.0, 240.0]
  resolution: [640, 480]
  rostopic: /right/left/image_raw
  timeshift_cam_imu: 0.0
  frame: cam1r
cam3:
  T_cam_imu:
    - [0.00357142740459937, -0.9999925830962557, 0.0014417554481408155, 
      -0.018963513569282626]
    - [-0.03232107054415181, -0.0015564443391277408, -0.9994763258226276, 
      -0.0033853504345534367]
    - [0.9994711568150297, 0.0035229580607441524, -0.03232638954984916, 
      -0.024078334232562445]
    - [0.0, 0.0, 0.0, 1.0]
  T_imu_cam:
    - [0.003571427404599074, -0.03232107054415181, 0.9994711568150296, 
      0.02402390923143506]
    - [-0.9999925830962552, -0.001556444339127758, 0.0035229580607444447, 
      -0.01888381506657374]
    - [0.001441755448140807, -0.9994763258226276, -0.032326389549849156, 
      -0.004134602477058381]
    - [0.0, 0.0, 0.0, 1.0]
  camera_model: pinhole
  distortion_coeffs: [0, 0, 0, 0]
  distortion_model: radtan
  intrinsics: [320.0, 320.0, 320.0, 240.0]
  resolution: [640, 480]
  rostopic: /right/right/image_raw
  timeshift_cam_imu: 0.0
  frame: cam2l
cam4:
  T_cam_imu:
    - [-0.9997396395832754, -0.0057913609442967195, 0.02207064077718025, 
      0.023999544693387928]
    - [-0.02199152202047864, -0.013386947171569635, -0.9996685263649386, 
      -0.0038577062711586062]
    - [0.006084899762959339, -0.9998936192334855, 0.01325610089869061, 
      -0.01897318056382811]
    - [0.0, 0.0, 0.0, 1.0]
  T_imu_cam:
    - [-0.9997396395832755, -0.021991522020478584, 0.0060848997629593645, 
      0.02402390923143506]
    - [-0.005791360944296687, -0.01338694717156991, -0.9998936192334854, 
      -0.018883815066573755]
    - [0.02207064077718032, -0.9996685263649391, 0.013256100898690337, 
      -0.004134602477058381]
    - [0.0, 0.0, 0.0, 1.0]
  camera_model: pinhole
  distortion_coeffs: [0, 0, 0, 0]
  distortion_model: radtan
  intrinsics: [320.0, 320.0, 320.0, 240.0]
  resolution: [640, 480]
  rostopic: /back/left/image_raw
  timeshift_cam_imu: 0.0
  frame: cam2r
cam5:
  T_cam_imu:
    - [-0.9997396395832754, -0.0057913609442967195, 0.02207064077718025, 
      -0.021867131696627823]
    - [-0.02199152202047864, -0.013386947171569635, -0.9996685263649386, 
      -0.0038577062711586062]
    - [0.006084899762959339, -0.9998936192334855, 0.01325610089869061, 
      -0.01897318056382811]
    - [0.0, 0.0, 0.0, 1.0]
  T_imu_cam:
    - [-0.9997396395832755, -0.021991522020478584, 0.0060848997629593645, 
      -0.021830825291602015]
    - [-0.005791360944296687, -0.01338694717156991, -0.9998936192334854, 
      -0.019149445544863586]
    - [0.02207064077718032, -0.9996685263649391, 0.013256100898690337, 
      -0.003122295538811166]
    - [0.0, 0.0, 0.0, 1.0]
  camera_model: pinhole
  distortion_coeffs: [0, 0, 0, 0]
  distortion_model: radtan
  intrinsics: [320.0, 320.0, 320.0, 240.0]
  resolution: [640, 480]
  rostopic: /back/right/image_raw
  timeshift_cam_imu: 0.0
  frame: cam3l
cam6:
  T_cam_imu:
    - [-0.007992235369596867, 0.9999385947725012, -0.007676643680161171, 
      0.01894982382444479]
    - [-0.03106760237970282, -0.007921483089875609, -0.9994858949420113, 
      -0.0039506137597265095]
    - [-0.9994853316863502, -0.007749631607503138, 0.031129005023841496, 
      -0.02187079685251067]
    - [0.0, 0.0, 0.0, 1.0]
  T_imu_cam:
    - [-0.007992235369597188, -0.03106760237970289, -0.9994853316863503, 
      -0.02183082529160202]
    - [0.9999385947725016, -0.00792148308987572, -0.007749631607502819, 
      -0.01914944554486359]
    - [-0.0076766436801610554, -0.9994858949420116, 0.03112900502384143, 
      -0.003122295538811166]
    - [0.0, 0.0, 0.0, 1.0]
  camera_model: pinhole
  distortion_coeffs: [0, 0, 0, 0]
  distortion_model: radtan
  intrinsics: [320.0, 320.0, 320.0, 240.0]
  resolution: [640, 480]
  rostopic: /left/left/image_raw
  timeshift_cam_imu: 0.0
  frame: cam3r
cam7:
  T_cam_imu:
    - [-0.007992235369596867, 0.9999385947725012, -0.007676643680161171, 
      -0.026973165983894164]
    - [-0.03106760237970282, -0.007921483089875609, -0.9994858949420113, 
      -0.0039506137597265095]
    - [-0.9994853316863502, -0.007749631607503138, 0.031129005023841496, 
      -0.02187079685251067]
    - [0.0, 0.0, 0.0, 1.0]
  T_imu_cam:
    - [-0.007992235369597188, -0.03106760237970289, -0.9994853316863503, 
      -0.022197852635025876]
    - [0.9999385947725016, -0.00792148308987572, -0.007749631607502819, 
      0.02677072435183878]
    - [-0.0076766436801610554, -0.9994858949420116, 0.03112900502384143, 
      -0.003474829968297452]
    - [0.0, 0.0, 0.0, 1.0]
  camera_model: pinhole
  distortion_coeffs: [0, 0, 0, 0]
  distortion_model: radtan
  intrinsics: [320.0, 320.0, 320.0, 240.0]
  resolution: [640, 480]
  rostopic: /left/right/image_raw
  timeshift_cam_imu: 0.0
  frame: cam0l
