%YAML:1.0

K: !!opencv-matrix
  rows: 3
  cols: 3
  dt: d
  data: [1.0000000000, 0, 955.1046513651, 0, 1.0000000000, 534.7605606185, 0, 0, 1]

D: !!opencv-matrix
  rows: 1
  cols: 4
  dt: d
  data: [0.5434006569, -0.0000009672, 0.0000000011, -0.0000000000]

image_width: 1920
image_height: 1080
